x=linspace(0,2*pi,200);
y=round(3600*sin(x)+3600);
plot(y)
vpa(y)
y(50)

[0,114,227,341,454,568,681,794,907,1020,1132,1244,1356,1467,1578,1689,1799,1909,2019,2127,2236,2343,2451,2557,2663,2768,2873,2977,3080,3182,3284,3385,3485,3584,3682,3779,3875,3971,4065,4158,4250,4342,4432,4521,4609,4695,4781,4865,4949,5031,
5111,5191,5269,5346,5421,5495,5568,5639,5709,5778,5845,5911,5975,6037,6099,6158,6216,6273,6328,6381,6433,6483,6532,6579,6624,6668,6710,6751,6789,6826,6862,6895,6927,6957,6986,7012,7037,7060,7082,7101,7119,7135,7150,7162,7173,7182,7189,7194,7198,7200,
7200,7198,7194,7189,7182,7173,7162,7150,7135,7119,7101,7082,7060,7037,7012,6986,6957,6927,6895,6862,6826,6789,6751,6710,6668,6624,6579,6532,6483,6433,6381,6328,6273,6216,6158,6099,6037,5975,5911,5845,5778,5709,5639,5568,5495,5421,5346,5269,5191,5111,
5031,4949,4865,4781,4695,4609,4521,4432,4342,4250,4158,4065,3971,3875,3779,3682,3584,3485,3385,3284,3182,3080,2977,2873,2768,2663,2557,2451,2343,2236,2127,2019,1909,1799,1689,1578,1467,1356,1244,1132,1020,907,794,681,568,454,341,227,114,0]


3600,3714,3827,3940,4053,4166,4278,4389,4500,4609,4718,4825,4932,5037,5140,5242,5342,5441,5538,5632,5725,5816,5904,5991,6074,6156,6234,6311,6384,6455,6522,6587,6649,6708,6764,6817,6866,6912,6955,6995,7031,7063,7093,7119,7141,7160,7175,7186,7195,7199,
7200,7197,7191,7181,7168,7151,7130,7106,7079,7048,7013,6975,6934,6890,6842,6791,6736,6679,6619,6555,6489,6420,6348,6273,6195,6115,6033,5948,5860,5771,5679,5585,5489,5392,5292,5191,5088,4984,4879,4772,4664,4555,4445,4334,4222,4110,3997,3884,3770,3657,
3543,3430,3316,3203,3090,2978,2866,2755,2645,2536,2428,2321,2216,2112,2009,1908,1808,1711,1615,1521,1429,1340,1252,1167,1085,1005,927,852,780,711,645,581,521,464,409,358,310,266,225,187,152,121,94,70,49,32,19,9,3,0,1,5,14,25,40,59,81,107,137,169,205,
245,288,334,383,436,492,551,613,678,745,816,889,966,1044,1126,1209,1296,1384,1475,1568,1662,1759,1858,1958,2060,2163,2268,2375,2482,2591,2700,2811,2922,3034,3147,3260,3373,3486,3600